
coordinates1 = [((10.1, 4.8), (9.0, 4.8), (7.4, 4.6), (4.2, 4.0)),
               ((9.8, 7.8), (9.1, 7.2), (7.3, 6.8), (4.2, 6.1), (3.2, 5.9), (1.2, 5.8)),
               ((9.0, 2.8), (9.0, 4.8), (9.1, 7.2), (9.1, 10.2)),
               ((7.2, 2.8), (7.4, 4.6), (7.3, 6.8), (7.5, 10.0), (7.5, 10.8)),
               ((2.7, 4.8), (3.2, 5.1), (4.2, 6.1), (6.0, 8.7), (6.5, 9.4), (7.5, 10.0), (7.5, 10.2)),
               ((3.4, 10.8), (3.2, 5.9), (3.2, 5.1), (3.1, 4.1)),
               ((3.1, 2.0), (3.1, 4.1), (4.2, 4.0), (7.8, 9.4), (9.1, 10.2), (8.9, 10.5)),
               ((1.5, 9.6), (6.0, 8.7), (6.5, 9.4), (7.8,9.4), (10.1,9.6))]

final-update-one
road1 = Roadways([(10.1, 7.2), (9.0, 7.2), (7.4, 7.4), (4.2, 8.0)], [(10.1, 7.2)])
road2 = Roadways([(9.8, 4.2), (9.1, 4.8), (7.3, 5.2), (4.2, 5.9), (3.2, 6.1), (1.2, 6.2)], [(9.8, 4.2), (1.2, 6.2)])
road3 = Roadways([(9.0, 9.2), (9.0, 7.2), (9.1, 4.8), (9.1, 1.8)], [(9.0, 9.2)])
road4 = Roadways([(7.2, 9.2), (7.4, 7.4), (7.3, 5.2), (7.5, 2.0), (7.5, 1.2)], [(7.2, 9.2), (7.5, 1.2)])
road5 = Roadways([(2.7, 7.2), (3.2, 6.9), (4.2, 5.9), (6.0, 3.3), (6.5, 2.6), (7.5, 2.0), (7.5, 1.8)], [(2.7, 7.2), (7.5, 1.8)])
road6 = Roadways([(3.4, 1.2), (3.2, 6.1), (3.2, 6.9), (3.1, 7.9)], [(3.4, 1.2)])
highway1 = Highways([(3.1, 10.0), (3.1, 7.9), (4.2, 8.0), (7.8, 2.6), (9.1, 1.8), (8.9, 1.5)], [(3.1, 10.0), (8.9, 1.5)])
highway2 = Highways([(1.5, 2.4), (6.0, 3.3), (6.5, 2.6), (7.8, 2.6), (10.1, 2.4)], [(1.5, 2.4), (10.1, 2.4)])